5.0000000000
5.0000000000
5.0000000000
5.0000000000
5.0000000000
5.0000000000
5.0000000000
5.0000000000
0.0000000000
0.0000000000
0.0000000000
0.0000000000
0.0000000000
0.0000000000
0.0000000000
0.0000000000
0.0000000000
0.0000000000
0.0000000000
0.0000000000
0.0000000000
0.0000000000
5.0000000000
5.0000000000
0.0000000000
0.0000000000
0.0000000000
0.0000000000
0.0000000000
0.0000000000
0.0000000000
0.0000000000
15.0000000000
15.0000000000
11.3830846782
9.2352941176
9.2352941176
9.2352941176
9.2352941176
9.2298234482
9.2352581368
9.2352941176
9.2352941176
9.2352940810
4.5000000000
15.0000000000
0.0000000000
0.0000000000
0.0000000000
0.0000000000
0.0000000000
0.0000000000
0.0000000000
0.0000000000
0.0000000000
0.0000000000
15.0000000000
13.5271375771
0.0000000000
0.0000000000
0.0000000000
0.0000000000
0.0000000000
0.0000000000
0.0000000000
0.0000000000
0.0000000000
0.0000000000
0.0000000000
14.4566373729
4.5000000000
0.0000000000
0.0000000000
0.0000000000
0.0000000000
0.0000000000
0.0000000000
0.0000000000
0.0000000000
0.0000000000
3039.4152632290
3678.9322267100
3678.9322267100
3678.9322267100
3678.9322267100
3678.9322267100
3678.9322267100
3678.9322267100
3678.9322267100
3678.9322267100
3678.9322267100
3678.9322267100
3678.9322267100
3678.9322267100
0.0000000000
0.0000000000
100.3361260222
100.3361260222
100.3361260222
100.3361260222
100.3361260222
100.3361260222
150.5041890333
200.6722520443
0.0000000000
0.0000000000
0.0000000000
41.2941088428
41.2941088428
41.2941088428
41.2941088428
41.2721400430
41.2939643455
41.2941088428
41.2941088428
41.2941086955
22.2775211964
8.0268900818
278.5389431741
150.5041890333
