0
0
0
0
0
0
0
0
0
0
0
0
0
0
0
0
0
0
0
0
0
0
0
0
4.5
4.5
4.524009830935538
4.529679930071121
4.5
4.5
4.5
4.5
14.99999999999994
14.97531798919721
4.795768875934728
4.5
4.5
4.5
4.5
4.5
4.5
4.5
4.5
0
0
0
4.5
4.5
0
4.5
4.520839779916136
4.516479908092569
4.5
4.500000000000008
4.5
4.500000000000004
15
14.47093112861121
5.786698542915697
4.500000000000009
4.500000000000017
4.5
4.500000000000005
4.5
4.5
4.500000000000001
4.500000000000004
0
0
15
4.5
4.5
0
0
1103.679668013156
1103.679668013156
0
0
1103.679668013156
1103.679668013156
2980.548449395892
3678.932226710519
3678.932226710519
3678.932226710519
3678.932226710519
3678.932226710519
3678.932226710519
3678.932226710519
3678.932226710519
3678.932226710519
3678.932226710519
3620.309050772628
3620.309050772628
3282.503668569656
2205.85444315558
1470.019270234312
122.5804255359063
150.2790536545861
0
0
150.279053654586
150.2790536545862
49.95289413721488
100.1209571483022
8.026890081773949
8.026890081773944
8.026890081773944
49.97614931508924
49.97614931508909
49.97614931508921
49.97614931508918
49.97614931508915
49.9761493150891
49.97614931508905
49.97614931508921
8.026890081773953
8.026890081773944
0
0
0
