5
5
5
5
5
5
5
5
5
5
5
5
5
5
5
5
5
5
5
5
5
5
5
5
0
12.1499930763044
12.1290543667905
0
0
0
12.1499945769857
12.1499939311587
0
0
0
0
0
0
12.1499936883334
12.1499956070448
12.1499936883347
12.1499936883256
12.1499936883256
12.1499936883269
0
0
0
0
0
0
0
0
0
0
0
0
0
0
0
0
0
0
0
0
0
0
0
0
0
0
0
0
0
0
0
0
0
0
0
0
1602.84388175157
1148.59349931204
3252.34239920214
3620.25999895471
3620.25999895487
3620.25999895471
3678.93221576462
3620.40381570363
3678.93221576466
3678.93221576435
3678.93221576435
3678.9322157644
3620.26000548311
2307.83760578631
0
0
100.336126022174
153.810643719084
153.717900477398
100.336126022174
100.336126022174
100.336126022174
203.978713380445
254.146773529548
32.2816600310661
194.557912450202
8.03358044291323
8.03357863046657
8.03357863044474
8.03357863046657
53.5077435843429
61.4884971513721
53.5077435843426
53.5077435843447
53.5077435843447
53.5077435843444
8.03357774027471
36.4871011625349
250.840315055436
150.504189033261
3.6
1.38777878078145e-16
1.38777878078145e-16
1.38777878078145e-16
1.38777878078145e-16
1.38777878078145e-16
1.38777878078145e-16
-7.2
1.94289029309402e-16
6.46946860907997
-2.16726776032659
0.632599717082498
-4.36740028291838
-0.567400282917503
0.113636424506772
0.631817877462344
0.513636424506514
1.91363642450821
2.91363642450821
1.11363642450797
-1.56740031840787
1.56740031840787
1.38777878078145e-16
1.38777878078145e-16
