4.999999999999999
4.999999999999993
5
4.999999999999992
4.999999999999996
5
5
4.999999999999996
4.999999999999996
4.999999999999984
5
4.999999999999995
4.999999999999996
5
5
4.999999999999996
4.999999999999998
4.999999999999996
4.999999999999999
5
5
5
4.999999999999997
4.999999999999988
12.49764480394305
12.49764496571507
0
0
0
0
0
0
0
0
0
0
12.49765310499312
12.49765433350888
12.49765109409105
12.49765267833656
12.49766772180174
0
0
12.49770887961864
12.49772241799109
0
0
0
0
0
0
0
0
0
0
0
0
0
0
0
0
0
0
0
0
4.5
4.5
0
0
0
0
0
0
0
0
0
0
0
0
0
1598.845393520259
2051.964431599922
2915.669576286515
3382.192854400146
3387.367076968498
3527.636563170286
3678.679792617397
3678.682933328309
3678.684443396061
3678.405607823866
3678.421959808275
3628.636933013522
3620.379846357748
2302.154870633842
0
0
155.3645220754539
155.3645228048651
100.3361260221749
100.3361260221782
100.336126022176
100.3361260221754
150.5041890332629
200.6722520443473
32.82688107219431
71.37714718864432
53.94120762822125
40.49565151962275
94.81854459369266
75.69185252108954
55.09606720124454
55.09564608709091
55.09550800785557
27.80365786507364
27.80142816087728
61.92001170934783
63.04598262666678
37.26198071625758
250.8403150554311
150.5041890332554
-0.4498759730563271
-0.4498759730824644
-0.4498759730946862
-0.4498736986907406
-0.4498759730507751
-0.4499158965958204
-0.449859375931044
-0.4508471364979049
0.02173722148221048
1.558419007627449
-0.3369930927409317
1.926818419053245
-3.101310517548457
-0.06386594155639401
0.1150086876065361
0.3149916135712951
0.5149834042994068
1.916499254850605
2.916410359576614
1.38705968784258
-1.568051816545433
1.598293712480978
-6.130509722159196e-06
6.130596095839544e-06
